3
8
46
136
192
-190
-102
450
-369
-289
69
-72
74
-88
-467
-61
313
73
59
192
-198
200
176
160
-371
240
-73
-16
432
-293
-163
127
-60
-200
497
-425
4
-61
63
347
32
314
-312
-358
158
-37
-455
295
399
257
-255
-227
-287
289
418
-12
-62
64
-120
52
-310
-506
-298
-275
277
41
177
-332
115
442
-157
-203
205
379
-377
-83
7
-367
-428
144
-197
17
-489
-422
-97
-477
61
-116
-403
-234
144
274
105
506
-504
-19
21
-61
307
-165
433
71
127
-48
22
10
382
108
-187
345
-64
-134
-37
-146
376
-374
194
506
330
-24
-377
-169
-196
-390
-16
490
218
-282
435
-172
282
-182
-53
424
147
-159
-256
-400
468
286
-105
6
-327
-267
-332
-27
-136
138
257
-437
-167
178
-411
440
-325
327
-14
69
-67
-123
-154
156
93
31
171
-324
326
-186
274
-308
85
-411
413
-391
-75
-32
-127
129
-375
-180
-202
-23
-376
-401
193
59
-220
222
315
258
-127
129
18
-484
-483
-58
469
442
-390
-1
-21
23
-232
336
280
-394
400
-166
168
-3
211
293
81
-116
118
-409
330
-373
-69
-102
287
-148
-90
29
74
-46
68
3
-13
500
266
35
-256
140
240
432
-103
-116
275
317
-201
459
-451
464
-288
290
-490
448
314
316
-363
-309
49
-372
66
166
340
-122
164
7
-68
72
119
164
410
226
-419
303
395
-428
458
-411
258
-256
415
356
127
292
194
-20
-51
45
475
-473
403
-401
-16
-16
234
-61
-354
483
-481
346
-274
222
-220
2
316
418
-18
-123
-233
-475
316
283
-112
-266
408
265
50
350
410
-189
147
41
-39
114
-233
259
176
-174
160
296
220
-340
-297
-148
406
470
-491
333
329
-327
44
-33
35
-173
319
-317
293
-502
82
94
-251
-432
434
60
401
476
-171
173
-269
224
-61
-421
-31
-76
-19
-52
54
28
348
462
3
94
-92
24
139
-108
-202
-497
-473
19
211
427
-500
-415
-314
-413
-32
436
324
298
410
-278
238
-462
427
-272
274
-25
413
-411
-470
206
-208
290
368
292
-347
411
271
85
-8
104
-28
137
-60
126
281
-226
-123
-122
-308
23
197
-42
151
-504
340
-338
-298
-125
24
331
48
-286
156
203
-200
202
-316
318
51
152
53
-37
464
500
77
93
430
198
-307
-104
-444
-159
18
-189
-114
-95
-7
247
105
-103
206
-341
423
414
468
292
237
-235
152
194
-479
-381
-417
84
48
-120
307
-197
-240
472
-189
-323
325
-267
-38
40
97
-322
-365
-498
-293
350
211
-209
16
-499
129
190
408
-176
166
387
-253
214
-13
154
268
-75
-110
26
75
17
-68
-168
168
-436
15
374
-131
320
32
-483
485
406
10
-14
322
-299
-85
7
-118
-39
11
92
470
-468
248
484
295
140
-478
-367
185
243
215
-140
7
-5
221
-108
8
-302
429
-450
-427
108
16
-14
56
-213
-33
-290
-397
58
20
-18
-277
-269
118
334
292
-3
-111
137
228
-180
494
-495
32
-19
442
-491
-442
329
-327
-65
76
-425
69
-8
434
412
244
-43
-33
-113
-358
360
21
-29
114
208
-206
-187
-64
-176
178
-193
380
-48
497
-391
-322
-169
-20
-413
-408
398
-396
416
346
-405
407
445
502
-70
-22
-85
-37
389
-472
-452
-60
50
-116
259
207
486
-484
403
79
-77
307
-305
-277
-66
400
43
-41
-301
272
-8
-7
-107
211
241
405
377
-497
499
-131
-189
-469
-163
-16
42
-1
84
-140
142
496
-66
-379
-434
-456
-19
-193
-154
-297
-50
-46
15
-165
478
450
121
5
156
36
-504
-472
250
-248
22
78
-74
79
-75
157
-435
-106
-104
472
463
-461
-335
-464
-293
418
492
457
-132
134
278
-353
-245
390
-49
-191
48
224
229
457
-374
-99
501
115
-265
267
-264
266
-269
-506
-38
149
88
496
303
-430
7
489
-351
-270
272
-20
-132
8
-89
266
109
493
-88
-350
164
-28
-155
-1
419
-449
287
-285
279
-338
148
-257
259
335
-1
-330
228
84
56
396
463
-409
411
108
-106
-70
85
-353
-346
-59
64
-281
201
-47
-501
-265
485
-483
-70
-113
115
254
-187
361
-369
-398
219
-196
435
-456
-40
42
-293
495
-34
-13
192
-342
190
-161
-49
66
129
82
-81
-321
490
-86
88
-390
-204
206
214
-21
-221
-20
39
-100
2
84
92
-152
154
-470
498
-9
452
-25
-84
-58
298
396
-475
-369
196
-28
402
-154
-449
451
-382
-288
392
-444
-169
171
504
41
-39
-47
-140
391
-469
153
-390
-43
-380
-263
-216
-120
72
192
265
338
385
506
41
94
-16
484
-231
308
-146
-392
368
-366
-61
169
149
-149
237
98
-238
63
-490
28
-190
47
482
-347
-347
401
-168
-278
280
289
418
-129
-290
-364
-90
-174
-91
93
79
-41
-169
-334
392
-153
473
-471
317
-141
311
201
25
-5
305
24
319
103
-175
211
-217
-343
-48
50
79
145
-244
458
-456
-28
464
418
387
481
-479
-488
252
-85
39
-39
255
177
-153
-116
104
231
311
-2
-441
-258
456
-74
-262
329
-237
-316
376
-417
-179
-367
-352
197
-122
-304
-173
-280
23
37
280
-234
9
-16
-49
135
149
-335
262
-37
-495
22
-5
498
-136
-38
24
-22
-502
-399
401
416
258
-256
180
-178
97
38
-22
-62
-122
-202
-225
-248
-308
-354
-394
-417
-477
192
-190
109
50
-10
-50
-110
-190
-213
-236
-296
-342
-382
-405
-465
98
145
-209
385
386
-384
-36
284
17
-393
450
-239
21
188
-189
191
412
424
50
-48
21
-19
287
144
153
144
5
304
354
-442
354
475
30
309
-53
439
18
-3
489
229
-227
140
-353
394
-339
-184
-147
211
-383
478
353
-377
-432
349
24
411
-273
-444
-407
-445
-408
49
-47
-150
499
3
-79
81
307
168
-467
389
469
-141
321
-295
211
-207
-167
-449
417
442
-215
-190
-247
-483
-223
225
273
205
-182
-406
-441
-116
46
-222
138
-39
-507
-392
394
-502
-28
30
272
-270
438
-436
476
118
-403
-341
-149
-301
305
181
255
339
-195
233
-324
249
-9
-14
-154
52
-439
337
-249
-295
421
472
-169
303
377
-391
25
489
43
-263
111
-251
-75
459
-457
82
238
59
-489
-81
83
-406
464
-503
-446
285
354
-110
-485
-107
309
-5
57
-384
332
-32
-401
-290
-168
-205
260
162
-160
89
-198
-164
219
-145
129
219
338
-406
9
363
-441
178
-325
11
-9
-111
293
-226
458
-105
-440
-500
343
129
-211
213
121
-237
176
197
198
132
32
283
253
-251
-322
324
438
-246
-420
-155
176
152
-235
237
160
-158
-347
497
21
65
419
-154
225
-332
153
-260
3
-418
-110
-187
-463
465
-351
-454
-39
-162
356
280
42
-141
143
-135
201
4
24
-56
183
69
58
-137
-384
-478
-500
-445
406
482
-38
42
384
400
-497
-53
246
116
-12
-469
-8
-310
471
-48
-290
-314
-341
-114
202
-464
15
341
302
410
-498
354
301
287
125
473
-99
41
-18
400
-390
-363
267
-265
-128
443
-463
89
-180
230
-173
-106
108
278
-276
-277
44
-164
-264
52
-123
-461
-151
-46
-269
472
-267
269
424
-147
-18
-464
492
340
-39
106
49
-168
125
-32
-260
126
61
223
-221
-392
-288
-490
493
418
-221
223
259
15
312
417
337
-335
329
-276
311
-433
-215
65
-63
155
284
166
-265
267
347
-15
242
450
345
280
452
504
-257
297
227
181
-434
166
109
-461
196
-441
83
149
-53
-465
-279
251
274
65
505
-503
98
189
-1
-286
-88
477
55
-374
181
-424
260
426
-38
-467
500
-498
-227
73
494
-327
57
259
166
-164
-402
-382
435
70
-17
31
-29
-437
-451
453
-189
260
128
-436
273
-467
95
288
-286
-304
184
494
-94
308
-308
-391
355
-392
-319
45
169
-89
415
70
-68
423
239
107
66
-458
-440
-361
-136
8
-230
347
-345
-313
471
371
290
270
249
229
189
149
109
89
11
-10
-30
-50
-91
-171
494
453
373
97
-2
399
151
-149
70
71
285
-101
-298
-495
497
15
-13
-86
241
246
-316
-4
-189
463
-461
-181
382
66
-57
-48
0
498
-402
404
-133
-189
-423
425
161
-159
-110
60
-477
479
265
-186
137
497
190
151
-149
127
-336
-480
-317
436
-268
-72
-72
312
48
351
-400
-148
394
115
290
78
401
-201
-169
-96
57
-55
145
90
59
269
143
-94
-492
494
-58
